10000 10000
4 87
8 16
4 36
7 93
10 22
3 28
1 60
4 27
1 27
3 37
2 69
8 30
3 31
3 24
8 36
10 3
3 59
10 68
4 57
2 43
10 74
2 20
5 38
9 25
6 71
4 27
2 81
7 74
3 71
7 82
6 26
5 28
7 6
7 30
4 58
5 96
3 46
5 68
5 65
4 51
8 9
7 79
9 85
4 52
5 100
3 61
7 69
10 13
7 87
5 40
6 71
5 79
8 2
8 3
8 93
3 57
2 81
7 42
6 90
5 20
1 30
2 18
8 72
2 76
10 28
8 57
8 54
7 66
7 84
10 25
9 72
3 30
4 20
1 69
9 16
1 50
7 24
9 46
7 52
2 56
10 89
5 29
2 51
4 1
5 65
5 15
8 57
4 92
8 66
10 37
3 52
8 29
6 8
5 22
9 96
10 38
6 94
9 29
4 12
9 30
7 5
4 64
4 39
7 41
5 19
9 89
10 18
8 97
5 44
1 84
1 100
3 26
5 91
6 40
5 87
10 83
3 65
8 8
6 5
9 12
3 29
10 44
7 69
1 23
2 11
6 2
2 31
9 6
1 37
5 27
3 66
9 17
3 59
5 38
3 25
1 37
3 100
10 51
9 72
4 32
2 31
4 95
1 64
10 82
10 97
10 74
4 69
1 96
7 67
5 41
1 85
7 43
7 8
6 57
10 19
8 13
9 73
10 10
7 11
3 88
7 2
4 73
2 56
10 100
2 5
10 12
1 68
6 29
8 51
5 59
1 25
3 70
7 82
1 85
3 73
3 51
6 86
3 100
1 43
9 14
9 91
5 91
10 82
10 37
3 56
5 5
10 70
4 77
1 56
1 43
10 85
4 6
2 68
5 14
2 55
7 60
5 3
3 7
5 22
3 69
9 90
3 9
9 99
7 9
4 49
4 34
4 49
1 55
8 47
9 30
1 47
9 98
10 91
4 34
4 98
4 93
7 26
3 97
6 89
8 30
7 61
5 22
1 5
9 28
1 49
7 3
5 98
10 44
10 3
9 4
1 82
8 39
10 52
6 35
10 93
6 28
5 30
10 65
6 30
4 36
8 1
9 72
10 90
8 89
3 96
4 45
10 91
3 41
2 70
7 33
2 43
1 18
4 62
2 10
1 26
7 68
8 35
1 27
5 58
5 69
6 59
3 87
1 47
7 95
7 53
9 30
7 91
8 71
2 81
2 94
8 28
3 87
5 56
3 91
3 80
1 70
10 75
6 42
1 34
8 89
9 67
1 85
7 18
7 61
10 38
6 60
8 19
6 84
4 59
4 38
10 84
8 79
8 15
2 30
1 60
9 39
6 89
5 34
8 82
4 59
1 100
8 40
10 64
3 95
4 48
2 63
3 91
3 92
8 16
2 58
5 92
8 52
2 22
8 41
5 31
9 26
2 17
7 3
2 40
7 5
9 81
9 22
1 63
3 80
8 86
7 5
7 84
8 60
8 45
10 12
8 51
7 61
9 6
4 50
5 12
6 35
2 76
6 15
10 69
4 19
6 83
3 83
8 31
4 75
7 94
7 54
4 75
5 14
10 78
3 76
9 20
1 33
5 18
7 36
8 92
4 44
4 29
6 92
1 19
8 37
4 56
1 59
1 5
2 62
4 86
10 74
5 52
6 51
9 4
6 7
6 40
10 21
8 27
4 78
7 82
6 61
7 56
1 19
2 43
3 97
10 22
1 85
3 28
5 41
4 73
9 31
4 48
1 31
4 15
10 23
8 25
3 36
3 5
5 44
9 87
1 79
10 63
3 84
2 49
4 25
3 23
5 36
2 58
6 48
2 77
10 19
2 4
4 34
8 60
9 7
8 21
5 9
5 99
2 77
9 16
3 72
10 60
7 11
7 25
10 40
1 79
10 54
2 15
9 90
7 68
8 24
8 32
3 23
2 76
1 80
1 55
1 32
4 58
5 82
2 4
1 34
3 82
8 16
7 26
5 23
3 52
8 33
5 82
7 16
8 9
6 100
3 98
4 77
5 78
10 88
3 83
2 67
4 61
3 12
6 87
6 31
1 84
5 77
7 21
3 26
9 40
6 91
7 61
9 44
8 29
3 22
1 56
9 26
6 71
8 54
9 23
4 51
8 98
8 27
10 72
2 50
1 29
10 99
9 11
4 78
1 77
10 53
2 88
8 100
8 67
3 18
2 36
9 99
5 96
7 6
7 29
5 29
9 94
9 98
6 73
5 46
1 26
8 84
3 28
3 22
4 35
10 35
2 60
6 58
5 62
3 73
2 17
3 51
3 83
10 18
5 74
6 7
2 65
1 64
2 73
8 38
10 29
2 81
8 57
1 42
1 53
6 12
10 18
2 84
2 13
1 7
9 68
5 90
3 55
5 76
10 42
3 39
10 37
1 57
5 61
10 15
6 15
7 87
4 40
10 36
3 22
4 91
10 10
2 74
5 36
9 96
8 14
4 99
10 56
6 94
9 57
1 34
4 87
2 59
8 41
6 82
2 91
4 51
1 55
6 65
3 25
10 20
10 45
10 39
2 77
4 20
4 44
5 57
2 76
7 12
8 13
3 30
3 69
2 3
5 8
9 17
4 78
8 73
4 58
3 26
4 98
7 19
2 54
7 75
1 94
6 49
6 31
10 60
9 61
3 25
10 81
2 3
1 81
7 84
10 41
9 24
9 58
4 32
1 21
6 91
4 92
9 71
2 68
10 72
1 44
6 100
5 89
5 87
10 33
10 11
4 31
4 64
8 80
5 50
10 52
10 65
3 31
7 16
10 16
7 82
2 35
4 88
3 88
4 44
10 43
5 45
5 40
10 64
9 54
3 70
6 5
4 100
5 20
6 36
8 54
10 51
8 3
8 63
10 11
6 61
5 12
8 30
4 17
3 22
3 6
4 80
2 29
9 48
1 46
3 88
10 52
10 87
4 27
9 95
7 7
8 93
8 65
2 21
1 67
5 55
4 38
4 85
8 13
2 18
10 66
7 9
10 46
6 23
2 96
10 60
2 77
3 72
1 26
4 73
2 90
8 67
9 13
1 97
5 34
4 87
10 71
5 69
6 42
3 40
8 64
9 91
10 3
4 32
9 58
5 72
7 84
9 26
6 41
2 73
7 35
9 26
7 53
6 73
7 40
2 84
4 62
6 43
7 40
5 45
7 31
8 95
4 58
10 61
1 93
3 77
10 91
4 36
6 99
8 42
8 71
7 41
5 2
4 1
3 10
7 41
10 64
6 5
4 7
5 24
2 50
2 31
10 5
6 87
3 26
10 92
8 8
5 32
2 20
2 54
9 28
5 20
4 82
4 69
8 40
4 39
9 95
1 81
9 87
9 53
4 99
6 11
6 80
3 67
9 26
3 79
4 67
8 49
8 73
7 87
3 60
8 1
4 98
3 4
6 52
8 99
10 55
2 7
5 4
6 85
9 98
4 34
6 61
2 15
6 98
1 98
9 30
10 14
10 35
7 15
6 76
6 87
1 27
3 17
10 70
3 10
7 16
6 34
9 77
8 14
7 1
3 87
10 64
1 9
8 17
6 83
5 41
1 27
9 66
5 100
5 47
9 54
3 4
7 43
3 35
8 11
5 70
7 16
5 97
5 83
6 52
7 62
4 38
8 62
3 82
1 89
10 21
2 94
5 29
6 9
3 43
1 97
4 67
2 1
6 88
5 33
1 51
4 34
10 81
5 94
4 55
3 45
6 24
9 52
2 74
2 66
9 82
4 84
10 78
6 15
5 70
7 8
3 92
1 12
4 88
8 37
4 40
2 21
5 72
2 19
7 35
4 65
8 98
1 68
5 36
4 91
8 33
10 30
4 91
3 48
10 50
6 23
1 69
4 56
10 67
6 37
4 61
3 21
8 5
8 84
1 22
7 98
6 28
9 29
10 71
8 99
1 64
2 61
4 17
8 24
3 93
2 36
4 64
9 63
9 96
9 61
9 77
10 74
4 88
5 74
8 82
4 30
7 45
3 81
3 10
6 48
5 67
5 60
2 43
4 2
9 72
4 59
10 23
5 56
2 91
1 72
4 4
1 21
1 43
3 13
5 8
10 59
6 95
8 59
7 91
1 27
5 74
8 66
9 22
1 10
4 1
3 87
5 34
9 57
8 11
9 32
10 29
2 47
5 59
6 11
2 66
10 68
1 27
3 39
10 6
1 63
8 33
9 62
8 8
10 98
10 39
9 40
9 71
6 93
1 43
5 34
8 44
1 51
2 86
9 21
1 41
5 48
6 84
2 95
3 31
2 64
1 21
5 39
3 93
1 23
5 86
9 95
1 9
5 3
6 85
3 88
6 58
6 3
3 49
7 87
1 41
10 52
3 57
10 55
9 73
9 83
8 89
7 38
8 21
10 95
6 15
3 83
4 70
7 16
8 85
4 100
5 55
1 37
1 93
3 59
5 24
2 22
2 70
1 61
1 3
6 48
7 90
2 40
9 18
7 76
2 12
5 79
6 78
7 77
10 62
5 34
7 28
7 100
8 17
1 40
1 68
7 87
9 68
8 67
7 36
4 38
7 20
8 13
7 35
1 18
6 75
1 32
3 9
1 52
6 43
1 48
2 77
5 70
6 64
6 32
2 81
1 98
1 89
2 97
5 2
5 70
9 17
3 83
6 83
4 3
8 24
10 91
2 36
1 47
10 48
10 3
9 50
10 29
10 14
7 64
7 91
5 95
10 37
7 85
2 10
9 1
5 40
1 36
6 51
2 27
1 63
9 79
5 80
9 54
5 35
10 12
8 6
8 37
3 35
3 66
6 11
6 33
10 8
8 77
9 2
3 61
4 83
9 28
5 97
4 59
1 55
10 8
10 28
6 2
4 68
9 61
10 36
3 32
4 13
8 54
4 63
4 29
7 52
7 11
10 42
10 82
6 91
10 55
10 37
9 83
5 27
6 34
5 88
5 58
2 25
1 65
9 24
4 35
7 2
6 26
5 67
7 90
7 48
6 27
5 4
1 41
3 56
4 49
6 91
6 47
7 68
4 5
1 9
1 69
2 36
4 56
2 52
5 11
2 92
9 36
8 49
6 82
7 1
10 52
3 35
10 61
2 65
5 44
3 56
2 34
3 57
1 97
10 37
9 11
9 47
8 76
5 25
7 51
6 86
4 20
2 56
1 25
10 97
8 45
4 31
10 47
7 71
5 46
9 53
9 87
9 6
4 45
1 22
8 8
9 1
9 30
8 59
4 80
8 73
6 11
3 5
9 41
7 3
7 86
7 47
4 5
2 38
2 34
1 49
3 70
1 72
1 9
2 57
8 89
9 63
2 84
9 60
4 46
5 62
3 73
8 58
10 12
5 31
5 58
9 38
7 79
1 29
7 42
5 26
3 66
10 34
9 59
5 24
6 11
6 90
4 45
7 13
6 94
3 1
1 21
10 29
1 50
7 38
3 42
5 25
9 55
10 59
5 55
2 20
7 19
1 100
4 7
4 19
10 6
1 2
8 12
10 29
3 87
8 56
10 84
10 90
8 90
8 54
6 81
5 12
10 85
2 15
4 27
5 43
3 8
7 62
9 26
2 32
4 11
7 95
5 18
6 84
9 83
8 54
6 14
8 15
9 81
1 42
7 65
6 39
4 32
3 43
10 46
6 25
7 64
2 3
1 7
6 92
10 75
5 57
9 62
1 39
2 3
10 49
9 67
9 43
1 43
5 60
9 62
6 97
5 7
9 57
4 36
8 55
3 45
1 3
8 33
1 52
7 72
10 5
10 90
7 40
5 83
1 73
4 87
9 20
3 19
7 58
4 76
4 16
10 26
10 78
10 10
1 96
3 32
1 23
1 47
4 57
10 65
9 25
1 49
5 95
9 73
5 73
8 68
10 20
4 10
9 55
1 29
1 56
10 51
10 32
9 43
9 78
7 69
5 9
10 99
4 88
1 8
2 70
7 4
1 72
5 89
7 87
7 77
2 28
9 23
10 27
6 100
5 24
8 59
3 89
9 88
7 31
5 40
2 73
3 93
5 7
1 23
4 50
9 87
9 77
10 88
3 27
9 59
10 59
9 82
7 29
1 75
9 15
5 63
10 57
5 36
6 35
8 61
6 8
7 65
4 56
4 38
4 43
9 84
1 69
7 47
10 38
2 60
4 88
2 43
4 76
8 11
3 87
1 98
4 18
2 29
5 18
7 59
10 67
4 60
7 10
8 36
7 31
6 3
8 17
7 14
3 75
4 7
1 95
4 7
4 18
5 40
5 53
10 94
9 43
5 6
5 14
3 3
5 88
5 62
7 2
7 49
8 51
5 40
7 10
6 12
7 81
3 13
3 53
8 4
7 62
1 51
8 53
4 72
1 58
5 49
1 12
9 38
4 55
8 62
4 75
5 43
5 27
5 40
9 65
3 26
8 3
8 5
5 81
6 47
1 61
5 1
4 43
1 89
7 20
10 13
4 26
5 49
2 61
8 83
5 30
10 3
4 87
7 38
8 35
7 10
7 31
10 70
6 52
8 74
1 59
6 65
4 40
5 87
3 4
9 77
3 28
1 68
7 38
5 34
2 93
5 18
6 56
9 1
8 48
4 78
8 60
4 93
1 58
9 3
1 48
2 45
7 62
2 93
9 69
8 22
1 72
1 88
10 81
8 87
10 14
4 37
5 10
9 75
7 60
10 28
9 61
2 85
4 36
10 25
4 59
6 16
3 89
4 62
9 43
8 1
6 63
7 32
2 18
9 39
7 88
8 35
10 41
1 73
8 52
7 83
1 95
9 93
3 54
4 3
8 53
5 56
5 92
7 39
1 45
9 89
4 46
3 35
8 45
8 66
7 56
8 7
10 98
1 84
3 4
9 51
6 93
6 22
6 92
2 96
9 40
4 24
7 58
9 27
3 66
2 51
1 91
9 23
9 59
8 91
2 96
1 69
1 98
2 76
2 54
4 30
5 59
3 34
7 11
10 71
8 51
3 1
1 81
5 81
9 32
2 100
10 64
10 20
2 13
7 55
8 70
4 63
9 88
6 97
1 55
7 30
7 39
10 97
9 56
10 9
8 1
8 19
6 79
8 29
1 36
3 9
6 18
3 86
8 70
2 8
4 100
7 80
10 19
8 8
4 57
6 13
9 75
1 77
5 20
7 47
6 40
7 13
9 29
8 66
8 31
3 73
10 62
4 19
2 84
8 57
2 45
10 53
1 52
9 27
4 85
3 31
6 80
5 85
10 92
10 10
4 75
2 3
6 38
3 67
1 2
5 12
6 44
6 68
8 44
4 23
1 18
5 8
7 99
2 9
10 94
8 63
8 51
7 55
8 41
3 60
2 47
4 39
3 39
6 90
3 51
4 15
8 68
2 17
6 66
5 7
9 42
1 26
2 89
10 32
9 52
1 70
8 14
10 92
3 17
3 87
7 96
1 86
5 74
2 80
9 78
8 97
9 58
4 63
6 5
4 26
8 36
7 6
10 6
9 54
4 82
10 40
7 92
8 92
5 31
3 56
9 61
2 27
10 78
1 16
2 34
3 90
10 40
7 71
7 95
4 71
6 15
2 5
6 39
6 22
10 70
7 78
10 81
6 100
8 97
7 39
2 59
10 3
10 26
5 47
3 48
7 48
2 78
2 19
7 99
1 38
9 17
7 50
7 22
9 6
10 67
7 52
8 76
6 27
4 31
3 26
10 89
3 44
9 77
2 87
7 2
4 95
1 90
7 19
3 97
5 33
4 21
6 41
8 93
9 1
3 44
6 5
4 51
8 2
9 9
8 5
3 63
2 33
2 48
3 67
4 27
1 59
9 38
1 99
10 70
9 5
3 77
9 48
9 56
10 9
4 37
5 78
2 16
10 55
5 13
1 11
1 71
9 42
8 72
10 90
1 90
4 5
8 54
2 48
9 53
6 24
2 73
2 93
10 63
7 55
7 20
7 70
10 85
1 50
6 2
1 48
3 84
4 13
9 8
2 97
2 20
2 53
2 25
7 31
8 44
7 66
3 53
5 4
10 97
5 97
8 95
7 93
10 100
7 18
9 68
6 23
7 38
5 78
2 72
9 1
7 97
7 81
10 1
6 39
8 41
5 47
7 31
1 17
3 47
6 93
5 52
5 53
1 42
1 54
5 91
5 31
7 73
3 88
3 98
6 22
10 61
1 77
3 11
3 25
10 30
10 76
1 84
8 21
5 10
5 89
10 81
1 39
3 33
6 77
3 52
9 72
4 71
8 58
3 92
5 42
2 4
7 54
9 97
7 64
6 53
4 58
3 27
6 37
9 21
3 93
4 63
5 39
3 64
9 66
8 83
9 29
8 28
4 76
4 60
1 29
2 47
6 96
3 33
2 83
6 97
6 29
9 40
10 44
5 68
1 62
2 71
2 39
8 76
4 21
7 57
2 99
3 39
6 75
4 30
7 29
6 32
9 36
3 80
1 78
7 91
1 48
4 33
8 11
8 52
4 94
8 37
4 10
7 90
6 50
9 92
8 96
4 39
1 98
8 14
5 17
6 66
6 69
10 54
10 57
7 15
2 16
1 98
7 77
9 12
7 9
3 56
4 78
4 86
6 12
9 2
8 7
9 43
5 68
8 54
4 4
8 78
9 70
7 95
7 65
6 25
3 61
10 28
8 26
5 65
7 16
7 16
2 85
10 96
3 58
2 28
1 21
7 32
1 83
6 89
7 84
3 71
4 92
10 33
7 67
8 5
2 64
2 55
10 82
2 52
1 3
2 3
6 88
4 66
1 12
6 69
7 18
2 90
1 93
4 30
9 71
4 92
6 58
8 38
1 100
9 81
4 72
5 29
10 21
6 82
4 51
2 30
10 93
1 81
8 44
10 48
7 95
10 4
4 89
1 94
8 82
6 42
3 13
2 64
3 68
5 16
10 47
5 90
1 15
2 28
10 31
6 76
7 67
2 81
5 72
6 43
5 4
6 58
6 57
3 48
6 18
5 46
4 59
7 54
5 8
2 34
10 9
2 18
5 93
10 29
6 76
3 73
1 58
2 46
7 54
3 42
1 59
9 86
7 25
10 93
4 73
8 73
3 39
3 7
3 92
7 51
9 10
3 49
9 56
6 85
9 90
9 80
8 17
5 16
4 56
8 77
10 86
2 12
6 96
10 11
7 57
3 58
8 87
8 36
2 4
3 50
3 51
1 41
9 98
6 12
5 16
1 85
1 94
8 28
9 18
8 75
4 2
4 91
8 42
8 29
7 2
1 89
4 11
1 23
10 37
6 65
4 78
1 56
1 48
3 59
5 73
6 38
4 69
10 62
2 10
10 58
1 20
7 67
3 79
9 42
7 26
8 70
4 58
5 26
6 8
5 70
2 70
10 5
10 91
6 52
2 8
9 63
9 7
9 61
6 69
5 52
6 12
2 1
10 46
7 27
5 63
6 36
2 7
1 21
10 58
4 1
7 33
5 96
1 43
8 76
3 14
10 61
8 1
1 47
8 39
5 55
1 72
10 32
9 82
5 80
2 28
10 8
2 95
5 3
9 15
10 4
10 9
4 57
1 76
5 11
5 79
5 15
1 54
9 81
8 55
10 79
4 39
8 46
5 45
10 74
9 29
9 38
10 92
7 50
9 1
10 33
10 24
10 30
10 98
10 17
4 21
7 37
9 84
4 96
8 33
1 38
4 49
8 3
2 74
4 10
6 64
3 5
9 94
6 20
3 47
8 46
7 34
2 78
10 16
3 49
10 93
9 13
1 66
5 32
1 71
3 16
4 87
3 24
10 58
6 22
5 83
9 23
9 53
10 90
10 72
10 19
6 28
4 56
5 50
9 35
10 84
3 5
10 75
9 50
4 24
3 40
8 94
3 26
6 14
7 65
8 57
5 53
4 18
1 81
8 51
7 87
4 69
2 4
5 72
5 79
7 79
8 56
2 80
4 69
4 100
5 83
6 20
5 92
9 95
2 8
8 90
5 31
9 38
6 5
1 90
3 59
1 1
4 92
2 47
3 77
7 97
9 54
8 46
5 57
2 68
4 89
10 10
10 20
9 57
4 59
9 7
7 19
9 83
2 42
9 74
9 27
1 29
1 38
4 77
6 66
7 10
4 6
1 25
5 70
4 48
8 32
6 97
10 64
9 11
8 59
7 76
6 59
4 66
8 30
2 94
5 38
5 100
5 25
7 19
6 10
9 26
3 24
2 42
10 52
4 97
10 92
4 95
10 79
2 98
10 54
1 54
3 97
6 90
3 34
8 19
5 78
4 87
4 17
10 93
8 83
1 29
5 16
4 76
6 35
3 6
10 15
1 35
1 16
4 36
1 83
4 95
1 97
3 14
3 12
8 32
5 50
10 21
7 35
6 62
2 21
7 13
7 78
7 50
5 22
5 46
7 38
2 17
6 25
2 50
8 91
1 82
2 92
4 8
7 2
9 48
4 88
2 60
5 11
9 61
2 45
8 88
4 50
6 19
6 89
8 13
9 100
7 70
2 52
9 70
5 98
9 78
5 80
10 1
10 50
1 74
5 19
3 28
10 21
7 97
9 66
1 40
8 7
1 9
1 90
10 15
9 98
3 75
9 82
5 19
1 87
4 77
7 56
5 28
8 3
6 37
10 37
8 37
5 88
5 5
7 74
10 67
3 64
1 52
7 67
2 79
6 65
6 62
2 12
2 100
4 17
8 33
5 15
2 100
2 66
6 31
2 27
7 66
10 38
7 38
4 90
7 9
6 24
3 78
7 16
9 52
4 16
4 89
10 57
10 83
3 95
3 66
2 10
3 63
7 52
1 2
1 69
3 47
4 37
6 30
4 4
1 87
9 16
7 100
3 66
2 47
1 95
4 82
6 46
4 54
7 96
5 90
4 69
6 59
7 11
8 60
6 68
7 84
4 73
5 8
9 16
4 51
10 17
4 65
2 79
10 11
5 25
10 90
5 35
9 2
7 36
1 62
6 59
7 91
2 31
8 22
8 51
4 60
9 7
6 32
5 46
2 11
10 41
1 66
7 1
7 75
6 28
8 43
8 84
3 69
6 30
2 64
2 65
3 50
1 50
2 8
5 23
8 16
6 18
2 94
8 48
9 6
7 56
8 65
2 33
5 57
2 79
2 46
3 46
5 66
6 28
3 90
3 90
6 18
10 87
1 29
6 31
6 65
7 86
1 78
8 65
6 31
3 10
6 38
5 23
3 2
10 27
2 52
8 49
1 27
7 84
8 72
4 93
8 52
10 68
1 47
3 67
8 27
8 5
4 82
7 18
6 29
4 79
2 12
7 5
10 13
8 97
6 53
2 76
5 71
3 85
8 75
3 47
4 30
1 17
4 30
7 99
8 30
7 89
1 55
3 31
9 32
9 6
5 20
1 41
3 24
7 60
10 32
8 3
1 60
2 76
9 58
4 46
9 2
7 32
6 31
4 74
3 92
10 99
4 60
1 6
3 67
7 85
8 74
7 11
5 10
6 74
9 12
1 58
3 9
9 69
10 2
4 54
5 25
2 60
5 94
5 19
10 33
3 10
8 42
10 43
3 57
6 22
8 38
1 33
7 19
3 86
2 46
1 68
1 42
8 7
7 44
7 46
7 80
7 86
3 78
8 75
7 95
8 54
3 78
8 31
8 90
6 71
8 6
9 10
9 18
6 85
3 92
2 41
3 41
7 47
8 6
2 56
1 69
10 85
9 99
5 46
9 82
7 28
9 7
7 89
6 4
5 88
7 58
9 70
8 55
8 68
2 89
3 12
10 84
8 8
3 14
5 23
5 21
2 85
9 38
3 54
3 97
2 39
5 22
10 52
8 28
1 39
8 94
3 29
9 50
6 11
6 93
5 10
5 86
7 44
5 19
9 67
6 42
8 22
3 69
5 42
6 96
1 16
1 83
4 69
4 32
2 99
4 68
1 40
4 7
3 28
5 32
7 92
5 4
5 88
4 90
9 72
7 61
7 77
3 82
7 79
5 80
7 40
8 37
10 53
5 62
2 20
5 78
3 70
3 28
9 57
9 89
8 5
10 66
3 44
7 81
4 12
1 51
1 60
9 30
2 34
4 95
5 40
5 19
1 57
8 69
5 66
10 44
10 59
1 2
4 60
5 28
3 47
10 25
6 20
5 69
5 50
3 61
1 87
10 2
6 77
10 12
3 31
8 64
1 68
8 95
9 52
4 1
8 3
6 3
4 32
3 79
1 37
9 21
4 18
2 71
7 44
4 41
6 41
4 67
1 21
3 39
4 86
10 21
10 17
5 13
8 97
1 28
6 82
10 61
1 74
1 97
9 16
7 94
7 93
2 69
5 24
9 89
9 50
9 100
6 36
5 13
4 55
2 69
8 44
9 39
7 11
5 37
7 24
2 35
6 94
3 80
7 61
8 78
3 29
7 28
4 41
1 99
8 32
8 35
5 96
5 43
9 60
1 85
5 13
9 50
8 73
1 74
5 1
3 47
1 32
5 96
4 67
4 23
8 61
8 25
9 82
9 67
3 50
3 27
4 73
8 71
5 61
6 29
1 51
8 41
2 54
8 5
10 81
8 69
4 37
5 54
10 64
2 15
5 74
3 30
6 21
2 42
1 99
2 93
9 49
5 30
2 72
7 73
4 66
2 97
4 86
10 75
1 73
9 65
6 82
4 43
4 97
4 86
6 58
8 44
6 62
6 60
5 64
2 88
9 25
7 34
1 38
8 11
1 97
8 8
10 73
3 35
10 38
10 65
5 49
8 53
2 33
2 46
6 95
5 76
10 21
9 30
9 69
2 21
5 19
8 46
2 30
10 13
8 51
7 62
9 84
6 60
9 77
5 16
4 41
4 43
2 4
4 20
2 67
10 88
6 19
3 29
9 64
1 68
4 69
1 64
4 47
3 72
5 79
10 98
10 83
10 33
8 15
2 10
2 43
7 19
3 82
9 13
5 91
10 11
9 13
6 14
1 49
6 85
9 77
3 50
1 74
2 48
1 85
7 74
9 54
2 92
7 42
4 83
2 36
5 42
8 71
5 58
1 92
4 49
10 76
9 30
2 80
8 94
7 86
7 95
1 58
6 77
1 90
10 34
7 4
7 24
4 33
3 44
5 26
5 44
4 95
6 7
6 55
10 42
10 66
7 31
5 22
9 25
3 70
10 39
4 36
4 99
8 46
5 44
4 91
8 29
5 65
5 10
9 86
2 58
3 88
10 77
1 99
3 24
10 62
2 93
9 76
4 16
3 90
10 48
10 99
6 16
3 62
5 33
7 28
10 49
7 82
7 28
2 81
1 51
4 64
6 42
1 91
10 16
10 69
3 11
9 91
6 81
2 2
3 99
2 54
9 48
7 28
5 18
8 77
1 2
3 16
5 83
6 4
10 37
4 13
9 42
3 76
4 6
9 38
4 10
2 55
8 78
2 84
8 41
1 68
4 53
5 41
7 92
4 37
8 68
1 26
1 55
3 35
10 81
2 16
1 15
2 100
5 55
3 92
5 43
1 41
7 45
1 86
6 76
4 15
3 74
2 56
8 44
10 39
4 61
4 66
8 27
5 72
1 48
3 76
2 73
8 41
9 48
6 4
3 99
10 18
4 61
3 3
6 14
1 79
6 47
7 53
3 61
4 54
8 38
1 2
2 48
2 30
7 67
5 21
7 54
10 40
6 14
2 21
7 82
2 5
10 48
7 53
8 33
8 68
10 90
9 32
7 10
1 35
8 98
5 44
1 45
3 69
8 24
9 37
7 92
1 37
9 97
1 99
9 98
6 51
9 34
2 27
5 94
1 22
1 67
5 94
1 99
2 21
2 2
9 30
4 49
6 32
7 58
10 78
7 47
8 45
2 61
1 26
4 31
9 45
10 15
10 12
3 51
2 86
4 40
6 97
10 33
1 37
3 62
4 49
9 93
4 92
3 16
8 6
9 68
2 48
5 91
9 47
3 43
5 97
4 52
5 74
6 25
10 78
7 75
7 47
7 72
10 19
7 59
4 37
7 78
4 61
8 95
9 13
7 43
9 70
6 53
3 82
10 4
9 68
8 37
6 96
8 55
4 47
4 90
3 40
7 19
2 86
3 10
10 1
5 58
10 50
3 65
1 92
10 42
1 50
8 76
5 38
10 11
6 43
10 70
4 18
8 85
5 52
7 5
2 51
4 74
2 76
8 35
9 57
6 29
6 5
4 3
2 86
3 77
8 12
9 14
1 86
8 87
10 96
1 41
6 57
4 98
4 3
2 3
10 59
3 17
3 39
9 5
4 31
3 3
4 83
6 26
9 66
5 58
1 7
10 7
3 16
6 47
8 39
1 77
7 83
6 11
1 16
7 44
9 52
7 44
4 62
2 2
9 86
1 40
2 13
8 55
8 53
1 45
3 1
4 91
5 71
1 56
6 68
1 84
9 97
10 52
1 1
6 89
6 68
10 77
10 77
3 59
9 35
4 23
7 29
3 22
9 14
7 36
1 79
2 99
6 51
2 38
1 7
8 88
7 58
6 6
4 99
7 15
3 20
7 20
10 50
3 50
3 21
5 95
9 56
5 26
8 46
3 8
5 93
7 31
10 63
8 35
1 4
9 45
5 38
6 74
9 8
3 53
8 60
7 27
5 43
2 25
8 67
4 44
9 31
4 60
3 14
4 5
7 95
9 92
2 17
7 70
4 92
4 4
1 20
2 17
4 85
1 1
1 25
7 61
5 22
10 99
5 66
3 52
10 3
5 43
9 11
4 95
4 37
8 4
8 79
1 21
3 13
3 66
7 69
6 43
3 98
1 77
3 95
10 74
8 26
8 68
9 31
2 42
9 11
6 26
1 18
8 4
10 70
1 67
1 98
9 33
7 2
1 61
6 41
4 45
8 1
3 6
3 26
8 1
7 45
8 77
2 75
2 91
5 4
9 87
2 70
9 100
1 79
1 66
1 46
1 89
7 23
6 81
10 93
2 88
9 11
7 50
6 48
3 82
4 53
8 57
2 38
6 92
6 16
8 39
2 68
9 60
2 24
10 93
9 73
1 57
6 97
9 21
6 3
2 99
5 21
5 77
8 63
8 73
8 77
3 91
6 41
2 89
7 94
2 85
6 62
3 1
8 3
3 5
5 26
4 60
6 10
8 3
2 55
8 2
4 42
4 79
3 46
8 51
9 49
5 56
2 79
9 71
2 81
5 38
7 30
7 4
10 36
9 63
1 86
6 26
7 60
4 61
5 23
1 43
1 97
8 84
8 6
4 9
9 29
6 97
10 95
10 49
10 58
4 72
5 79
7 74
10 53
4 94
5 97
8 98
5 38
1 72
5 35
10 33
5 78
9 24
4 81
5 5
10 88
7 85
8 25
8 8
7 43
3 4
1 41
1 36
8 81
7 72
7 39
7 81
8 37
7 91
9 81
5 59
10 23
5 89
8 4
6 76
8 1
9 89
3 31
4 70
4 82
3 30
10 1
1 87
10 67
9 58
9 24
6 18
8 62
6 97
5 54
3 63
6 3
1 98
6 26
9 49
7 63
8 79
4 40
7 53
8 46
2 56
1 78
5 18
1 83
5 56
8 39
8 93
3 20
2 78
7 60
6 3
4 56
3 37
5 50
1 5
5 3
10 15
2 37
4 22
1 98
9 58
8 98
2 81
9 95
8 65
4 36
10 27
1 52
6 37
3 8
1 47
2 53
3 45
9 97
9 11
6 47
10 34
7 21
6 65
7 23
10 20
10 49
8 52
2 65
9 5
3 29
3 86
3 16
1 73
4 49
3 61
7 2
6 43
4 11
8 40
6 37
1 95
7 61
7 40
5 87
4 49
7 99
5 100
4 17
2 29
5 7
9 11
8 35
6 34
5 13
3 82
1 36
7 89
6 75
8 72
1 24
1 27
4 7
6 87
3 50
7 39
6 7
1 15
3 6
8 90
10 73
1 22
8 47
10 55
1 90
6 33
5 98
10 38
6 85
6 30
4 94
8 41
10 21
6 93
6 3
4 48
7 4
9 34
3 31
10 75
10 18
8 36
5 67
3 23
3 100
2 89
3 72
9 92
2 36
6 69
9 69
6 65
3 37
1 27
7 42
1 38
9 8
3 26
6 45
8 29
4 51
7 36
2 97
9 13
3 15
2 23
5 49
9 59
5 41
5 3
3 86
10 93
5 12
8 71
8 17
9 3
8 67
10 41
5 69
4 47
5 87
1 69
7 60
8 24
2 64
6 34
9 66
7 94
7 96
4 85
5 14
9 32
10 29
2 46
7 77
5 31
5 65
1 54
6 30
7 28
4 54
3 94
9 91
7 48
7 2
4 51
5 22
4 46
10 57
4 46
6 88
8 52
2 31
5 80
2 33
9 5
7 71
1 5
2 37
4 100
1 87
2 57
9 87
5 10
5 98
8 80
5 87
4 88
7 40
9 29
3 77
5 59
8 35
5 61
4 71
2 66
7 65
2 17
3 28
7 97
7 86
9 13
2 12
1 41
3 71
1 75
8 5
5 47
2 52
7 67
2 70
2 30
4 5
7 36
3 25
4 9
10 12
2 33
5 74
3 78
4 93
4 43
8 89
9 41
2 95
7 13
6 90
2 49
4 40
6 78
6 20
7 77
3 60
10 58
5 82
7 28
7 90
3 76
8 11
6 69
8 74
3 73
3 27
4 8
8 9
6 34
10 24
2 15
3 71
2 67
5 10
6 31
9 68
6 29
9 73
9 88
6 82
10 60
10 85
7 77
6 52
10 25
5 72
9 57
4 62
5 50
1 73
10 22
2 37
10 22
9 98
9 6
1 69
5 90
3 32
7 98
3 28
5 10
1 65
8 97
9 93
6 1
7 26
2 8
4 23
10 75
1 38
10 3
8 97
3 63
8 59
10 62
8 86
1 89
3 41
5 81
3 30
1 1
7 55
8 73
7 37
7 49
5 78
2 32
4 96
4 1
6 6
5 43
3 37
3 45
7 19
5 61
1 58
1 7
2 69
1 40
7 77
9 31
5 92
5 28
9 60
1 44
7 47
6 60
3 21
4 12
9 81
2 39
10 85
8 1
5 28
2 61
5 32
2 11
5 58
10 13
7 70
6 86
6 94
5 51
4 100
2 4
2 33
3 21
9 92
3 73
9 17
4 75
8 77
7 23
4 27
5 2
6 43
7 64
8 83
4 1
5 75
6 18
9 50
9 28
1 63
2 60
9 85
6 79
1 23
1 46
9 87
8 96
1 86
9 68
1 24
10 7
8 76
4 9
5 14
8 66
7 39
7 7
4 14
5 36
6 37
2 36
6 81
2 56
8 42
4 38
6 95
6 63
10 20
3 47
3 10
4 61
9 40
8 24
3 4
9 41
1 40
6 68
10 7
3 38
9 98
7 66
5 23
8 14
4 3
2 26
2 75
9 12
4 58
5 19
3 94
1 5
5 86
2 57
5 47
4 45
4 72
10 40
6 89
4 39
1 65
7 55
2 55
6 5
4 1
5 76
6 85
1 30
3 52
6 67
8 31
3 94
5 72
3 100
2 38
9 3
5 7
9 46
3 74
2 76
6 29
3 71
5 83
1 87
7 38
5 36
9 67
1 23
10 66
4 2
5 64
6 9
10 64
6 82
9 60
9 15
10 64
5 4
6 37
1 84
5 47
2 95
4 52
9 55
9 94
6 24
8 63
4 79
8 42
3 67
1 21
1 40
4 17
5 82
6 85
7 80
2 88
6 97
2 46
1 60
9 59
3 96
3 67
5 51
8 87
9 60
9 1
1 95
7 45
8 74
2 44
3 65
2 30
3 23
5 63
2 14
3 17
9 46
5 35
8 94
3 16
3 32
6 55
8 84
9 5
8 32
8 62
6 31
2 60
5 18
3 39
1 47
5 92
4 41
8 91
4 51
6 38
4 73
2 11
9 42
7 18
6 66
1 73
7 74
3 1
2 7
1 74
3 97
5 97
7 95
7 70
5 45
7 30
9 50
10 29
4 6
6 69
1 29
3 19
2 25
2 93
1 62
9 84
9 35
2 95
9 18
7 73
4 75
4 35
7 93
3 72
10 61
2 73
9 84
3 90
9 14
5 39
8 5
4 38
9 5
4 68
5 52
2 40
7 46
4 55
10 37
6 92
7 17
4 37
10 58
8 8
4 12
9 51
6 72
10 7
9 23
4 55
7 17
4 53
2 68
7 4
4 32
5 52
8 10
10 99
7 17
7 90
1 57
2 48
10 83
4 8
8 79
2 84
6 56
8 9
5 94
2 30
7 6
1 76
7 72
4 34
8 32
5 20
8 19
8 68
3 73
5 10
2 89
3 99
6 80
7 70
5 19
9 53
6 31
8 43
2 2
8 41
5 54
1 73
4 80
10 77
2 66
6 55
6 31
3 1
2 60
10 39
10 68
1 57
10 19
1 51
2 78
2 56
4 4
10 7
3 71
3 34
9 21
9 94
3 93
7 64
2 68
2 33
6 45
10 37
3 40
8 86
10 31
3 53
4 73
1 16
5 46
1 83
8 41
9 20
4 75
5 37
2 89
10 29
3 11
6 47
2 5
2 71
5 76
5 20
8 86
5 95
3 87
7 100
8 5
9 13
1 5
1 73
3 70
3 77
2 18
3 34
2 6
6 8
2 31
7 81
8 13
5 50
10 52
1 79
8 19
3 39
5 43
3 68
5 15
4 96
5 67
1 58
4 37
6 5
9 44
6 86
7 12
7 8
5 87
8 23
7 80
3 31
2 75
10 38
1 94
6 25
2 66
3 87
4 100
2 72
3 29
9 99
10 47
8 55
5 95
9 93
4 41
4 48
7 25
7 7
8 22
2 81
10 66
8 93
5 11
7 7
1 77
8 30
6 67
6 60
2 16
3 87
6 28
6 74
2 23
1 22
4 64
4 35
9 73
10 93
5 96
1 25
4 60
7 99
7 42
1 88
8 15
6 65
2 12
9 45
4 19
6 29
4 72
4 62
4 95
6 79
10 8
3 65
8 61
6 46
3 78
5 12
2 10
6 85
3 66
9 6
6 47
7 69
8 2
10 13
6 87
3 37
5 98
3 14
8 68
9 60
5 43
3 36
4 99
2 77
6 1
4 52
7 20
10 16
3 2
10 68
8 23
6 34
10 9
7 77
6 5
9 73
9 11
10 55
1 32
1 77
2 64
8 30
6 99
7 8
10 76
8 88
8 83
1 69
1 68
8 19
4 86
1 75
8 50
9 61
3 11
9 16
6 16
7 61
6 93
1 66
1 48
3 18
2 25
9 25
4 36
3 20
1 85
4 20
6 74
10 19
4 68
4 9
5 31
2 1
3 42
6 95
1 70
5 74
4 3
8 90
8 92
9 10
6 2
1 62
7 61
10 10
10 65
10 15
5 91
7 70
4 84
4 76
3 28
10 98
2 99
7 19
1 95
10 66
8 61
9 74
1 58
3 52
3 5
6 69
5 84
8 31
7 54
6 71
3 7
9 15
6 7
5 96
2 65
3 1
5 92
5 97
1 9
8 75
3 66
4 60
9 33
2 68
8 99
8 71
6 58
5 11
5 69
8 18
5 70
8 9
3 44
7 14
3 57
8 17
2 31
8 22
6 21
9 53
10 79
3 25
6 59
7 100
8 44
7 12
5 87
3 78
10 29
1 34
7 78
3 58
1 82
2 76
3 72
8 22
10 51
8 86
1 84
7 88
7 6
2 91
2 76
10 21
6 10
7 93
10 9
2 100
10 33
5 92
7 54
5 6
6 62
3 17
5 32
6 23
7 7
6 28
4 85
10 90
7 58
2 86
6 83
5 8
8 11
9 24
6 16
1 72
7 76
10 74
7 95
6 43
4 13
2 87
10 73
8 96
1 9
1 48
4 17
5 11
9 6
6 94
1 66
7 49
3 8
2 99
5 70
3 8
2 66
6 31
9 74
6 21
2 58
10 77
4 75
9 4
2 24
10 4
2 18
2 34
6 74
3 80
3 77
9 24
3 84
7 33
9 32
5 43
2 24
9 15
10 58
1 33
1 20
6 74
9 88
8 66
1 92
5 55
8 35
8 62
9 36
6 27
8 50
1 9
6 40
5 75
7 97
10 29
8 95
5 57
2 62
2 94
5 19
8 24
3 78
6 23
3 31
2 80
3 22
10 58
1 67
4 9
3 43
10 31
8 44
7 71
7 60
5 13
8 12
6 31
9 73
5 2
6 6
3 88
8 25
5 40
1 80
9 53
5 90
3 12
5 21
4 41
1 98
3 10
2 40
2 50
3 97
3 68
2 36
5 81
2 51
1 2
2 21
4 56
10 89
9 94
1 53
6 93
10 90
5 63
9 46
3 41
2 67
8 96
4 14
6 65
6 48
6 98
10 72
3 29
2 72
4 72
4 11
7 25
10 71
8 81
6 52
1 10
8 81
7 24
6 84
8 62
2 54
9 51
7 11
2 88
4 57
1 9
10 27
4 71
9 73
1 17
4 24
6 93
6 82
6 1
5 56
4 48
1 24
1 37
7 34
6 20
10 86
9 9
5 14
2 65
6 82
1 61
5 6
5 12
9 21
3 56
8 78
3 88
2 53
4 88
6 99
7 28
6 87
8 52
10 19
7 37
3 97
7 9
5 2
1 93
4 85
10 1
2 3
10 63
7 63
10 45
3 9
4 48
5 63
10 95
4 68
1 86
4 80
4 70
3 14
5 58
8 14
10 12
8 49
4 75
1 76
1 75
4 46
2 30
8 73
6 41
10 7
8 56
8 72
5 70
7 39
9 87
5 88
8 72
6 23
8 98
8 68
2 33
5 45
3 25
10 90
5 9
6 43
6 85
6 93
6 2
3 84
8 87
1 37
9 58
10 56
5 9
6 78
4 40
3 56
6 92
7 81
2 93
5 20
9 40
2 35
3 46
8 81
3 41
9 91
8 28
8 5
7 73
4 30
5 8
7 80
9 33
2 3
7 38
4 6
7 37
2 22
2 9
4 14
9 22
6 47
10 6
3 38
10 36
9 94
4 7
6 94
1 89
8 68
7 21
5 55
7 16
8 91
6 81
6 25
3 12
3 52
7 77
1 46
2 59
2 7
7 69
1 7
9 100
6 87
1 50
4 29
7 21
1 45
2 27
9 4
10 43
7 58
1 99
5 82
9 46
1 25
6 41
1 27
10 57
3 12
8 6
3 27
9 63
1 80
1 91
5 30
3 41
7 3
9 42
6 99
9 76
3 57
8 53
3 60
1 47
1 71
3 15
7 31
10 67
2 70
7 96
10 41
8 38
5 78
9 30
6 70
8 98
6 25
2 8
4 63
6 7
3 10
3 81
2 2
7 53
2 55
8 23
5 35
10 89
2 39
10 39
10 27
6 85
4 38
4 87
2 49
5 36
9 18
6 50
9 62
5 42
6 54
4 62
9 24
10 52
4 19
1 73
8 78
9 1
5 52
9 18
2 84
3 62
3 68
2 71
1 18
5 48
1 28
9 11
3 10
3 68
1 5
10 78
4 100
10 1
1 68
8 55
3 23
6 55
2 79
8 23
6 42
2 67
1 83
7 24
4 91
1 24
7 83
3 81
2 82
1 85
2 98
9 4
2 54
1 14
3 88
8 28
9 61
4 49
3 23
4 87
3 15
2 60
9 15
10 30
8 72
4 49
1 52
5 93
8 15
6 90
2 93
9 82
3 15
2 48
7 6
6 1
2 47
10 20
1 51
9 61
2 15
9 43
8 13
7 75
9 92
6 80
6 37
3 40
1 95
9 39
10 24
9 23
1 51
2 83
3 42
3 27
8 52
1 26
6 7
10 95
8 68
6 85
4 39
6 54
3 15
4 84
8 34
6 8
6 99
1 89
2 33
5 100
6 87
5 4
3 76
8 42
3 75
6 98
3 1
3 45
5 46
10 5
2 37
2 67
5 54
5 27
9 21
8 26
7 2
9 51
9 78
2 24
3 69
1 65
10 24
2 36
1 41
2 52
8 56
9 64
9 25
2 99
8 19
5 56
2 53
7 1
1 50
4 83
9 96
9 40
1 60
7 92
3 19
5 82
4 65
5 34
10 87
3 39
7 9
4 29
3 52
1 43
2 56
7 20
1 28
1 22
7 37
5 39
5 11
10 80
6 17
6 17
5 98
5 11
8 100
1 70
2 71
5 53
6 93
4 29
10 34
2 7
2 18
7 29
8 69
8 55
5 73
1 91
2 77
1 79
9 92
1 80
4 65
4 92
9 59
10 29
4 21
7 65
10 83
3 17
3 1
2 39
5 94
9 99
3 30
7 51
3 29
2 38
5 65
9 54
5 100
2 18
2 68
2 61
2 75
8 57
7 1
5 3
6 24
1 20
3 30
10 77
8 3
4 3
7 95
6 93
4 89
10 66
8 92
8 61
8 55
7 44
7 12
6 5
5 99
4 39
8 94
7 85
8 32
9 15
6 46
9 72
4 69
9 93
10 66
4 77
3 22
2 31
3 69
5 19
7 59
9 94
4 75
1 51
7 69
7 84
5 76
5 100
4 43
3 55
1 98
3 33
9 6
3 4
4 98
2 93
8 31
8 11
7 68
3 63
7 30
7 3
7 53
4 100
8 46
6 8
5 88
2 66
3 54
9 18
3 42
10 10
4 48
2 81
7 37
5 55
6 41
7 74
6 11
5 93
8 30
2 55
9 43
10 61
6 88
10 51
9 92
2 5
1 36
5 57
2 79
2 89
2 20
2 17
2 86
1 90
7 12
4 35
4 15
7 1
2 76
1 82
9 63
6 9
10 70
8 21
1 29
1 72
10 22
10 82
9 100
3 25
1 18
9 64
2 5
4 85
2 67
6 51
1 4
9 30
5 76
10 25
6 62
8 8
3 87
9 93
6 63
7 96
2 27
1 15
1 75
9 62
3 16
2 73
9 23
2 96
10 3
10 6
4 68
5 98
4 5
10 92
7 6
9 50
2 50
4 14
6 14
7 68
9 91
10 100
3 93
7 14
5 66
1 10
5 35
7 39
9 96
2 57
3 20
6 36
9 69
1 96
4 27
5 15
9 54
6 81
8 12
7 92
7 17
1 62
2 59
2 42
6 85
9 10
4 4
5 25
5 97
10 58
6 35
4 44
10 89
7 38
10 23
1 29
1 34
2 42
2 93
6 98
7 34
7 32
9 4
6 13
10 28
3 27
4 46
1 53
5 47
2 86
1 23
4 11
6 55
5 99
7 40
6 75
3 55
7 61
8 14
6 9
1 100
6 54
5 58
9 31
4 100
7 24
4 30
6 81
5 90
10 83
9 27
10 53
1 68
6 90
1 91
1 74
10 38
9 86
5 37
7 50
9 33
5 14
2 10
7 98
10 26
3 80
4 42
3 85
9 98
6 41
10 76
6 81
3 45
6 59
3 82
8 73
6 32
7 80
4 33
7 93
10 9
2 65
2 56
1 10
5 27
3 44
4 68
4 19
4 42
7 97
3 85
1 41
8 7
10 61
1 48
5 52
9 29
7 10
4 17
2 89
5 74
4 49
3 60
7 57
1 43
5 75
9 25
5 99
4 34
9 26
4 64
8 42
4 46
1 27
4 22
7 9
7 3
9 92
2 75
8 62
9 4
6 100
8 51
8 11
6 8
9 69
3 66
2 66
3 13
5 76
6 63
6 85
5 44
6 26
10 75
7 91
8 75
10 5
7 39
8 64
6 56
5 21
3 46
6 87
8 82
4 96
5 50
10 9
5 55
7 67
1 25
7 58
9 46
4 27
6 33
1 81
10 75
3 64
10 39
10 30
2 64
7 16
5 56
7 61
2 63
7 42
9 83
1 90
10 64
6 15
7 58
8 36
2 100
10 4
10 1
5 62
6 13
9 32
8 57
3 81
1 19
4 10
4 24
9 85
7 14
10 35
4 99
3 7
10 74
10 92
4 46
5 42
8 33
3 77
2 65
9 12
6 82
1 41
5 19
5 44
5 76
10 8
4 52
4 76
7 76
7 3
3 23
4 83
7 16
1 48
3 20
10 20
3 80
10 10
1 84
5 35
10 34
4 85
8 59
2 14
6 30
6 59
2 59
3 59
7 3
6 59
4 65
8 27
7 89
6 47
2 92
3 83
5 26
10 62
6 31
8 22
3 43
2 64
4 24
2 80
8 80
10 52
4 19
10 40
7 17
8 30
8 70
3 84
7 84
8 83
6 25
6 78
9 39
2 72
2 15
3 91
4 44
4 90
2 23
1 68
1 19
8 98
10 62
4 87
5 31
1 62
5 28
10 73
6 33
7 79
7 51
1 41
5 15
2 8
9 62
6 80
2 25
9 72
8 62
10 82
4 82
3 98
9 34
3 26
6 19
4 13
1 76
5 15
10 38
3 31
9 50
10 31
6 90
2 63
4 63
6 47
4 90
7 52
4 19
7 41
9 32
5 61
7 61
8 49
8 2
9 97
1 40
9 28
1 32
10 84
4 37
3 37
6 31
8 1
9 16
2 89
9 98
9 57
9 76
7 56
9 35
4 79
6 82
8 7
3 99
2 6
5 24
2 13
4 81
5 54
8 58
4 98
6 95
7 14
2 63
1 51
10 25
1 75
6 39
1 19
7 23
6 24
8 18
6 4
10 100
9 50
8 3
7 13
7 53
8 70
6 98
10 65
2 1
1 80
9 72
8 27
6 25
10 43
4 85
8 44
7 7
3 94
9 91
8 57
4 35
6 11
2 98
7 6
8 17
5 88
10 34
6 85
8 68
10 52
2 77
7 40
5 39
5 95
9 42
3 24
8 81
4 60
8 12
7 27
9 1
6 20
6 31
5 43
8 36
6 2
4 92
3 51
2 78
5 63
9 48
6 47
8 72
8 5
5 26
3 15
8 48
5 63
10 91
7 80
6 3
1 41
6 73
1 80
2 36
2 21
5 79
9 14
10 76
10 37
3 52
1 30
9 85
2 80
5 100
9 52
2 91
5 100
4 35
9 65
2 72
7 8
10 55
1 52
2 90
8 34
1 38
5 91
3 6
1 49
6 81
3 59
2 97
10 87
3 40
3 57
1 40
4 61
6 85
4 80
4 51
5 67
8 80
9 62
7 79
3 94
2 15
5 83
3 14
9 45
6 71
1 16
2 17
8 8
1 91
9 26
3 3
4 33
4 53
4 71
3 8
6 94
4 20
8 36
6 96
3 91
7 85
8 80
1 38
7 53
8 77
1 21
10 74
3 65
8 98
5 13
8 3
8 31
2 86
9 59
1 3
1 99
7 59
9 88
6 17
2 75
4 22
7 25
8 51
9 77
1 76
9 58
8 47
10 51
2 10
10 64
2 10
3 99
10 41
8 67
9 29
4 2
3 40
8 50
1 67
6 43
2 67
2 19
3 91
9 96
3 30
9 64
2 21
4 11
3 51
8 74
2 71
7 34
2 5
5 4
1 12
6 64
8 97
4 42
10 54
9 92
4 48
5 75
10 69
7 85
1 66
8 2
8 84
7 50
8 73
3 10
7 51
5 66
7 10
8 38
4 48
9 99
5 36
5 15
4 61
9 26
7 8
10 14
1 18
5 31
1 68
2 27
10 17
2 16
8 51
4 41
9 34
9 45
9 15
1 24
6 9
10 54
8 29
7 59
8 34
1 88
1 32
6 22
10 10
7 78
10 42
10 10
8 61
5 96
5 65
10 50
6 21
3 93
1 22
3 98
5 43
8 7
7 3
10 78
2 16
5 24
10 25
5 37
5 91
4 11
6 55
1 33
5 15
7 27
8 32
5 94
4 62
2 52
6 31
10 28
9 84
3 60
10 87
8 96
8 31
7 85
6 19
9 12
3 45
9 73
6 63
6 2
6 70
3 91
10 82
10 50
8 24
9 29
1 56
5 40
7 83
4 24
1 44
7 85
8 25
7 16
9 75
9 14
4 21
7 95
5 78
5 24
2 53
2 64
1 28
3 99
10 78
2 10
1 8
5 60
5 3
5 23
7 43
9 72
6 97
7 22
6 63
5 27
5 96
10 27
6 44
5 85
1 98
7 93
8 93
3 42
5 79
6 24
4 56
5 89
2 13
2 78
5 6
6 42
3 98
10 28
1 45
5 14
2 11
6 99
3 10
2 97
9 8
2 62
3 67
2 67
1 63
6 58
8 51
1 72
10 70
10 93
6 64
6 8
4 63
8 28
3 50
4 13
7 96
4 71
4 75
7 96
7 32
5 56
5 55
7 34
7 78
6 42
3 83
9 18
8 7
5 22
8 21
4 64
8 7
4 81
3 23
8 69
6 33
6 40
9 2
6 15
2 51
9 24
6 57
2 83
5 86
4 22
6 37
7 25
5 23
7 27
5 85
7 50
9 22
2 7
5 67
4 6
9 82
10 6
10 23
8 57
10 43
10 18
1 67
2 25
1 99
3 85
3 49
6 51
2 79
9 97
5 82
4 66
5 83
1 5
7 11
1 17
5 90
4 36
8 75
10 48
3 15
2 7
3 70
9 37
8 18
3 45
1 38
2 66
3 84
10 29
6 82
5 51
1 78
6 79
5 97
8 77
1 62
6 26
1 44
2 30
3 46
6 64
3 39
1 7
3 50
6 68
3 80
10 5
10 55
3 14
4 13
2 14
4 77
1 4
1 4
5 33
1 63
8 84
1 28
10 23
9 77
3 11
7 12
6 18
9 50
1 22
2 72
7 35
9 78
10 21
1 75
3 82
7 1
7 37
8 58
2 57
7 6
9 43
9 34
2 87
4 42
8 97
5 47
2 13
4 21
3 56
7 38
9 35
8 57
4 17
7 35
5 53
2 44
5 60
7 6
7 12
9 6
9 63
2 92
8 27
2 12
5 11
9 23
5 38
2 68
5 98
4 31
10 45
4 96
5 3
3 3
6 51
8 74
5 12
7 92
8 81
6 24
1 4
9 35
4 30
5 100
7 60
10 76
5 56
3 61
8 75
3 75
7 70
1 41
3 17
5 23
7 40
6 87
5 44
4 40
3 80
9 51
9 69
8 43
6 100
5 85
4 17
9 50
9 59
3 71
6 79
5 24
10 91
1 64
6 36
6 11
5 94
1 5
4 39
10 89
8 54
3 64
1 84
5 61
2 7
3 69
7 28
3 6
10 55
2 55
10 77
7 56
10 78
10 36
8 59
4 57
3 49
10 35
2 37
7 73
5 29
4 32
8 86
7 77
10 10
4 29
6 100
6 8
9 95
3 96
4 18
5 18
6 76
4 49
2 50
4 7
8 67
8 86
4 26
4 43
6 97
3 73
9 58
2 29
2 74
5 57
4 81
6 61
6 29
10 68
8 35
4 56
1 63
3 4
8 58
8 75
5 20
8 55
9 79
3 32
5 59
1 100
9 66
10 47
5 21
4 72
5 39
9 7
3 71
2 40
9 59
7 35
10 66
1 10
4 23
2 100
4 82
1 24
7 11
10 41
3 83
5 90
3 43
6 25
6 10
7 46
8 83
2 50
8 72
9 43
6 52
5 79
3 45
3 32
7 72
4 42
7 88
1 31
1 78
6 96
7 24
3 7
6 24
8 5
5 66
7 92
10 41
1 2
8 25
5 44
6 9
5 54
6 67
5 78
5 92
5 83
5 17
1 72
10 48
6 86
6 22
8 35
5 100
8 52
4 73
7 71
3 32
5 28
10 61
6 94
2 82
7 18
9 69
9 90
7 64
6 82
7 5
8 51
4 55
4 27
9 53
7 11
6 73
9 85
5 96
9 36
9 7
5 27
5 93
7 43
8 44
6 45
10 43
7 3
8 1
1 28
3 29
9 88
2 29
4 86
4 2
4 4
10 30
1 87
3 99
9 30
4 5
6 93
9 73
7 96
5 27
4 29
5 14
8 8
2 91
6 17
3 71
10 4
10 2
10 22
10 71
4 45
7 29
7 25
3 83
3 77
1 48
5 16
1 72
5 2
3 20
10 7
10 89
10 42
1 52
3 42
4 18
7 100
9 23
6 51
8 48
8 18
7 32
5 7
4 12
10 18
1 29
4 73
10 85
4 60
8 28
1 61
8 39
2 96
4 88
6 71
7 73
10 34
7 77
2 12
8 52
9 70
2 52
2 1
8 7
2 76
7 65
8 84
3 100
9 16
9 24
8 77
9 78
10 5
4 54
6 41
7 96
10 88
9 4
1 86
2 4
1 48
8 1
1 71
10 9
8 38
5 76
4 33
3 76
9 58
1 56
10 37
1 11
6 49
6 68
6 28
2 99
5 39
9 6
1 50
6 99
9 50
4 4
4 78
9 22
7 59
9 36
7 31
8 23
1 64
10 17
1 13
5 65
2 65
2 64
4 88
2 52
9 87
5 23
6 86
6 2
6 77
9 43
7 87
7 38
10 58
4 40
1 20
6 74
6 30
7 49
9 51
2 57
9 6
1 57
3 79
10 39
5 99
3 61
5 1
8 86
8 3
7 80
4 84
3 9
3 42
7 81
2 60
10 32
8 20
8 60
8 98
10 4
6 34
5 32
4 14
9 44
7 97
5 90
10 80
1 45
1 59
5 64
9 66
5 36
6 35
7 35
2 97
9 79
2 55
2 68
8 82
3 36
8 37
8 57
6 28
1 36
8 78
9 56
3 46
3 80
10 90
7 63
8 57
1 19
1 54
6 30
5 48
8 12
7 95
10 52
4 73
10 11
10 38
9 44
5 61
6 14
10 42
6 39
8 68
8 60
1 95
9 55
5 6
8 31
2 38
4 77
10 73
10 11
3 58
6 97
10 81
3 72
4 90
10 23
10 67
2 30
4 71
7 8
8 6
10 32
3 23
8 4
8 47
6 10
6 72
8 26
4 72
9 78
2 58
2 23
7 34
2 90
6 40
9 83
8 90
6 92
4 74
6 11
2 13
2 80
6 30
7 40
1 5
9 14
2 20
6 38
5 40
9 60
1 79
5 28
8 60
10 32
5 67
4 57
9 66
8 15
5 44
6 47
10 74
3 13
5 48
1 50
9 81
1 70
10 55
9 27
5 68
10 99
4 4
7 65
9 94
9 15
9 84
1 88
9 73
1 5
3 3
6 11
5 67
2 94
1 81
3 87
8 82
6 34
5 44
8 53
8 28
9 78
3 80
8 23
4 70
7 28
2 85
1 6
1 22
2 71
4 24
8 54
5 95
9 42
8 88
6 27
5 65
5 29
6 22
1 51
3 29
9 14
3 21
1 15
4 74
6 48
7 95
1 54
9 39
7 78
6 92
5 92
6 61
10 3
4 22
4 76
2 84
1 67
4 63
3 97
7 70
4 85
4 96
10 4
6 36
4 63
8 38
4 35
10 25
8 83
8 91
10 52
4 50
10 77
2 2
5 100
2 69
5 35
6 26
1 2
2 24
4 89
3 70
3 62
6 12
6 44
2 5
7 27
6 16
3 69
7 80
1 88
8 5
5 15
2 17
6 43
10 32
3 4
1 58
7 46
9 12
1 71
8 87
9 25
2 4
3 71
3 13
10 30
9 84
4 51
2 12
5 43
3 28
6 95
5 62
10 53
5 33
5 92
9 24
6 73
7 61
3 9
5 52
10 46
8 85
6 39
8 92
2 90
9 79
6 55
1 28
8 65
10 34
9 30
7 24
2 35
6 44
5 61
8 84
6 35
1 53
3 68
4 6
10 15
5 45
9 77
2 28
1 83
2 49
3 70
5 14
7 60
10 51
2 57
7 77
1 7
1 15
6 77
1 35
1 57
2 59
3 55
9 25
8 100
4 50
1 50
3 77
9 72
8 81
10 66
9 70
4 90
5 49
6 57
6 8
5 67
8 97
1 56
1 58
5 46
9 76
5 74
2 56
7 31
6 77
6 96
6 19
7 82
10 54
10 55
1 54
3 79
2 93
4 23
3 41
10 13
8 15
6 71
10 83
2 57
1 49
2 56
10 41
10 39
4 79
5 55
5 17
3 86
1 18
10 15
8 80
8 77
6 65
8 67
9 49
3 9
9 26
7 68
6 6
8 60
6 54
6 72
10 50
8 83
7 69
9 77
10 28
3 45
3 100
1 43
10 85
2 1
3 20
10 80
7 78
1 12
1 56
4 53
5 93
7 24
1 35
10 61
3 4
7 7
4 20
9 55
6 52
5 70
1 75
10 47
4 92
1 34
8 46
8 4
8 76
7 50
1 78
2 25
2 71
1 37
10 79
1 45
1 46
5 53
2 16
10 75
7 62
10 6
7 98
10 96
3 88
7 35
8 59
9 99
9 89
7 70
10 77
6 2
4 32
4 45
7 5
1 6
6 31
1 72
10 72
9 4
10 16
9 77
4 97
7 54
8 13
5 57
1 40
10 67
2 63
3 70
10 34
5 85
4 86
9 95
7 27
8 68
2 36
6 67
5 22
2 22
6 46
10 79
8 39
5 9
3 59
8 72
2 53
7 7
10 17
1 46
3 99
4 37
6 61
5 70
3 79
3 20
4 72
8 61
10 94
1 63
5 99
6 48
3 42
5 92
8 7
9 53
7 54
1 95
5 95
4 97
3 7
8 49
10 18
1 40
1 34
4 15
2 39
3 86
3 69
7 42
7 65
6 36
9 86
10 33
3 45
1 57
3 100
5 33
7 18
4 28
1 29
4 34
9 8
1 3
8 47
5 7
3 90
2 33
8 23
7 60
9 49
6 22
9 73
6 65
2 81
4 44
1 90
9 79
7 99
2 77
7 78
3 59
9 24
4 46
8 12
7 68
1 25
1 61
9 46
5 90
8 21
3 38
10 13
7 58
1 50
4 7
9 16
5 97
1 60
5 40
2 3
8 84
7 48
4 75
6 68
6 23
10 100
1 1
2 29
9 22
10 44
8 8
10 45
6 2
6 2
2 27
7 1
10 83
8 53
10 93
3 77
8 64
7 80
5 40
8 23
4 89
6 93
8 77
7 55
1 45
7 24
1 13
4 33
7 71
7 8
6 61
5 83
5 13
4 89
4 21
3 17
1 80
10 60
9 98
4 39
2 22
2 65
6 85
7 85
7 85
2 74
6 28
8 22
10 21
10 96
3 24
2 5
3 21
4 11
1 78
1 12
9 62
6 37
8 24
1 57
1 12
10 6
2 90
7 83
10 88
8 55
3 90
9 65
2 23
8 32
2 28
4 50
2 71
8 39
7 58
5 7
2 77
4 13
6 42
5 27
1 73
3 43
4 92
9 75
6 38
7 17
6 2
8 59
2 56
9 70
3 44
6 34
2 91
8 89
4 93
5 64
7 100
8 30
1 17
4 56
4 10
2 71
1 89
1 35
6 30
4 9
3 32
4 96
4 44
4 58
6 50
3 4
9 31
3 91
9 88
6 4
8 69
7 60
10 7
6 5
6 50
5 60
3 11
5 6
4 90
5 41
2 88
4 92
10 28
3 20
5 80
3 12
9 49
4 10
8 69
4 43
10 31
5 2
1 61
10 46
1 26
6 94
3 81
5 34
8 67
3 22
9 28
6 99
8 61
8 35
9 73
10 51
3 84
4 95
4 63
10 46
9 25
9 53
5 24
9 64
2 43
6 40
2 23
8 50
3 45
6 63
10 17
3 72
10 17
7 96
1 58
3 71
3 32
6 39
7 66
5 100
8 40
10 82
2 29
3 96
6 18
8 95
5 23
8 86
1 36
3 73
4 78
4 28
9 71
8 67
6 72
6 95
3 57
6 76
8 58
1 63
8 81
9 14
3 26
1 93
4 36
5 59
3 60
6 73
10 55
1 17
7 8
4 89
5 91
7 54
1 87
8 28
7 76
3 21
3 95
5 18
10 30
6 94
1 13
6 23
8 8
9 94
6 54
4 32
5 50
5 45
9 52
4 7
7 68
8 31
2 92
9 44
3 24
7 14
7 55
6 56
2 26
1 77
10 34
8 76
6 44
10 76
5 95
2 73
2 61
6 23
3 4
8 77
9 55
2 67
1 77
2 22
5 22
1 86
8 58
1 43
2 32
10 48
6 51
1 39
2 28
3 16
1 31
2 61
7 34
8 97
2 49
8 68
1 68
5 78
8 65
2 31
8 41
8 73
3 50
3 54
7 76
1 59
6 65
10 42
10 47
10 63
5 7
3 17
7 87
4 4
2 17
4 99
7 63
4 100
3 38
5 41
3 78
10 70
4 19
3 43
5 52
7 11
1 39
8 37
6 73
10 29
10 25
7 98
7 2
9 51
2 6
2 4
3 91
6 76
1 88
10 25
10 26
7 50
7 14
8 42
9 29
10 28
3 48
7 91
2 26
2 93
1 85
6 65
7 21
2 87
1 61
3 52
8 49
3 54
5 90
5 53
8 16
2 22
4 8
4 17
5 5
9 15
1 56
9 67
9 70
3 89
2 15
2 20
6 44
5 30
3 72
4 2
7 65
5 2
4 38
8 9
5 78
5 35
4 54
4 62
5 6
2 9
3 93
10 88
6 4
7 20
5 2
3 14
8 47
7 41
6 37
1 30
4 76
7 47
1 70
10 7
5 61
5 99
3 94
6 40
10 54
9 76
5 83
1 72
9 8
5 65
4 65
6 9
2 62
8 24
3 67
1 10
10 97
8 84
3 94
4 92
9 34
7 54
9 8
5 97
7 41
3 62
6 11
10 49
4 29
3 7
6 55
8 27
3 75
10 45
10 85
6 19
1 55
4 39
4 48
7 80
1 52
3 98
2 62
6 37
1 70
3 38
4 62
6 27
7 25
3 8
2 11
6 84
5 49
2 30
9 60
9 89
1 1
6 24
4 83
1 56
3 55
5 28
7 60
6 5
7 29
2 50
9 90
3 55
10 54
4 38
3 44
8 76
6 15
9 9
10 11
7 2
6 13
9 34
3 35
8 61
5 1
10 53
10 42
7 80
7 90
9 11
3 99
6 28
3 37
8 62
7 56
5 64
9 96
9 93
2 86
3 96
9 14
8 28
5 6
7 1
5 28
3 79
6 49
8 90
5 97
4 83
3 18
9 73
3 47
5 46
5 69
1 23
2 88
2 88
5 61
10 39
8 2
9 13
2 78
4 86
5 57
1 79
7 71
1 91
7 67
7 53
7 77
5 68
7 77
7 61
7 46
2 76
9 20
10 1
8 93
8 24
2 58
2 28
8 4
8 97
10 54
9 56
3 76
5 99
2 81
1 40
8 62
5 76
4 54
6 83
8 14
8 99
3 59
6 3
4 96
9 35
1 99
2 83
4 68
3 25
8 44
6 77
7 30
4 42
5 32
4 33
5 81
1 19
1 9
1 4
4 71
10 4
10 31
9 43
8 71
10 97
6 35
5 23
7 29
4 51
10 40
5 56
2 18
6 63
6 47
8 81
9 60
4 90
10 74
3 40
5 4
6 10
8 61
4 6
1 100
7 100
1 43
7 62
10 32
6 37
10 46
9 99
5 53
8 94
8 72
3 22
5 21
4 65
3 19
10 73
8 78
4 8
1 30
2 32
1 97
1 91
2 89
1 46
3 80
2 71
4 76
4 30
6 27
4 80
6 64
2 15
3 75
5 65
4 96
7 17
2 69
9 86
7 51
3 2
2 74
2 85
2 15
5 49
4 60
9 39
5 80
5 68
7 79
2 62
4 80
8 18
8 88
3 57
8 85
8 72
1 81
6 12
5 22
10 40
2 88
10 8
10 35
5 78
3 59
9 39
8 69
6 38
6 10
6 46
4 3
9 56
3 24
7 29
8 79
9 31
8 98
8 37
4 65
4 97
3 5
7 12
3 42
1 80
1 46
7 96
10 45
4 82
1 22
3 18
10 83
10 18
2 37
6 16
3 20
4 27
6 50
9 48
3 91
7 45
7 56
2 36
10 95
10 72
7 84
1 16
6 40
5 97
9 91
4 81
2 27
8 37
8 98
6 70
10 14
4 76
9 6
4 21
2 85
2 68
8 33
6 85
2 20
3 100
2 97
3 23
5 40
1 3
9 46
4 28
10 90
6 28
5 71
8 46
5 92
6 74
4 1
10 47
2 42
7 34
10 31
6 65
10 19
9 10
4 42
7 23
3 44
3 77
4 2
5 20
3 92
3 68
2 2
5 63
6 13
8 85
3 56
1 64
4 19
3 37
3 61
2 95
5 66
4 18
9 50
8 12
1 82
1 84
4 45
8 79
7 46
5 99
1 16
2 26
6 86
4 50
7 25
7 51
2 20
8 61
1 57
4 61
9 54
4 74
9 41
4 7
8 18
8 38
5 71
3 71
7 77
2 3
3 68
5 95
9 72
7 59
1 30
1 19
5 66
4 33
7 47
2 96
6 49
4 1
9 48
3 75
6 94
9 29
2 33
5 100
7 33
1 37
2 81
7 96
9 50
1 57
8 24
2 63
2 85
3 42
5 85
9 60
9 97
10 92
10 66
3 38
8 5
4 11
8 32
9 36
3 91
2 80
4 43
2 85
10 5
8 64
1 46
5 71
3 67
2 24
2 57
1 30
1 86
2 98
7 50
3 49
10 24
8 53
9 21
9 98
5 67
3 18
2 87
8 6
3 2
9 37
8 41
6 18
6 57
8 94
9 100
4 98
6 21
3 94
4 91
1 70
9 3
7 21
1 75
6 46
8 7
2 85
7 99
4 73
7 21
8 65
1 12
5 96
4 17
9 77
9 31
7 68
5 33
10 25
9 17
2 86
3 55
2 22
5 76
4 12
6 11
8 68
4 42
5 58
10 55
4 69
7 80
8 21
5 27
8 23
5 71
9 70
6 82
1 30
7 84
3 5
6 21
4 20
2 91
9 24
7 62
2 34
4 31
4 58
7 3
10 3
4 40
2 51
2 62
10 30
7 73
4 43
5 10
4 6
10 42
1 96
5 72
1 48
2 35
5 10
9 37
3 62
6 84
2 49
8 44
9 94
8 64
8 12
3 53
9 24
6 50
2 1
3 52
8 75
8 53
6 79
9 100
10 16
6 4
5 33
9 95
6 66
10 66
7 35
8 97
8 64
6 81
4 19
5 63
5 22
7 32
10 7
2 92
3 67
7 39
1 45
5 28
2 94
3 90
8 63
6 38
6 32
8 41
2 2
3 46
6 70
7 27
6 60
10 50
8 16
10 28
2 24
8 73
8 52
2 97
4 48
4 91
1 4
1 32
5 86
7 32
7 5
9 34
5 28
4 94
6 75
2 7
9 81
2 68
2 93
4 98
2 98
8 22
1 71
3 57
8 81
1 14
8 51
7 2
10 82
5 25
7 68
4 7
10 15
4 32
7 37
9 99
6 68
2 38
10 25
5 97
7 35
10 94
7 9
7 66
2 94
1 50
3 74
6 13
8 81
4 46
10 24
6 55
3 68
3 33
4 39
9 100
5 91
6 61
1 92
6 92
7 68
4 50
1 1
2 80
2 57
8 51
2 73
7 74
10 49
8 83
7 87
5 11
9 80
3 79
3 49
10 60
6 15
1 9
6 22
8 97
8 17
9 61
10 55
4 81
6 44
6 42
10 50
5 58
1 27
8 55
7 57
6 43
2 26
1 39
7 90
5 76
7 85
8 48
9 74
8 46
7 43
10 98
4 96
5 76
2 94
1 1
2 96
3 73
4 45
3 72
6 97
10 44
3 87
1 24
10 71
9 76
3 8
3 9
3 79
4 77
2 14
7 74
2 71
8 35
7 61
8 4
9 57
10 94
4 42
7 55
2 37
1 77
5 55
5 99
6 68
7 57
4 55
2 47
7 32
3 95
4 90
9 52
7 98
7 42
9 13
6 3
10 78
9 46
3 15
6 18
2 75
6 67
9 8
3 58
1 45
2 34
5 50
7 33
9 34
4 38
8 69
2 47
7 70
4 31
4 92
8 17
6 73
6 94
2 48
1 22
3 55
7 79
4 44
1 3
7 84
2 74
2 35
3 50
4 68
10 39
9 79
7 24
4 42
10 35
2 72
9 34
6 15
2 30
10 22
4 86
7 27
2 60
1 84
10 16
1 41
6 62
10 12
5 23
6 54
9 47
6 17
2 51
4 95
2 93
6 67
1 24
3 42
3 53
7 92
10 79
3 25
10 52
9 77
6 94
10 34
2 7
1 23
10 86
7 41
10 84
10 60
7 52
3 41
7 81
3 76
2 17
3 51
10 41
7 45
6 9
8 77
7 80
1 76
7 19
9 47
2 28
8 60
9 11
10 87
3 84
3 54
2 67
7 23
7 83
7 92
3 97
10 10
8 70
5 45
8 53
3 41
2 100
2 11
2 3
7 5
7 11
8 90
7 14
3 35
9 31
8 91
9 97
2 59
6 89
3 5
1 45
7 73
6 48
5 58
1 83
2 89
6 71
10 74
7 42
1 85
5 38
7 55
5 79
3 52
7 67
7 59
3 5
3 59
3 69
8 55
4 29
3 49
1 72
4 87
6 34
1 42
2 50
6 58
8 61
9 46
7 17
6 90
2 91
10 26
9 67
10 62
7 22
2 97
5 88
4 10
1 6
3 44
5 51
1 34
1 10
9 37
6 87
8 99
7 77
4 35
5 3
9 41
6 10
8 21
7 21
2 70
8 85
3 33
5 14
6 97
5 97
3 52
3 63
1 59
1 26
5 86
9 93
6 56
5 63
6 3
5 10
4 13
6 37
7 32
2 14
8 28
10 12
9 44
4 81
2 65
7 99
10 87
1 27
2 97
10 70
2 76
9 75
10 24
3 36
5 16
2 34
3 11
5 22
5 19
2 8
5 8
6 36
6 49
2 88
7 3
7 48
9 87
3 70
10 37
8 16
3 59
9 95
9 45
6 75
5 70
3 49
9 40
4 75
8 98
4 85
10 22
4 30
8 58
10 17
5 9
4 47
7 84
3 87
8 61
2 43
10 96
1 10
5 27
4 75
4 49
1 75
10 94
5 77
2 4
5 98
4 28
6 30
3 88
6 91
8 29
3 29
6 75
9 63
3 74
7 28
3 47
3 92
2 7
1 43
2 65
2 25
5 87
6 7
5 73
7 74
2 81
5 29
8 45
1 60
10 27
8 92
5 42
6 69
8 8
1 61
2 55
7 68
1 42
5 67
4 23
3 67
4 47
6 11
3 86
2 12
5 61
6 41
2 43
9 49
10 72
1 73
6 97
1 18
8 67
5 4
9 77
10 44
5 17
6 17
5 28
8 71
8 83
3 42
5 72
10 26
5 3
9 72
9 91
9 89
7 25
4 97
1 65
1 27
2 46
3 88
5 71
8 65
5 20
6 82
3 47
7 89
9 5
10 100
7 1
10 3
7 83
10 78
9 92
6 32
7 99
9 14
1 76
8 25
6 83
6 90
1 65
9 30
1 38
1 68
10 20
10 67
4 21
6 4
2 51
6 1
1 54
4 21
10 91
8 77
5 3
8 5
9 96
6 40
6 18
7 75
9 76
3 94
9 88
8 60
1 33
10 91
8 73
4 67
5 61
5 91
5 13
8 34
10 33
3 45
3 79
2 91
6 64
5 6
4 82
6 94
6 77
6 3
10 99
2 16
1 68
7 78
10 6
1 40
10 35
6 92
5 7
3 22
1 67
8 74
10 93
9 65
9 6
7 70
7 40
8 67
8 96
4 87
1 6
8 90
10 14
2 4
2 64
6 42
2 53
7 81
7 85
5 17
1 63
7 47
5 24
5 62
9 9
10 71
4 78
10 6
3 41
9 14
6 86
8 37
10 74
9 86
1 13
3 1
8 41
9 82
6 63
3 86
3 94
6 89
3 15
4 17
8 54
1 63
10 90
2 81
3 20
9 73
5 73
5 64
3 75
5 28
10 39
5 12
4 20
10 7
6 45
3 93
9 5
8 90
4 59
2 9
10 40
3 14
2 10
7 76
4 73
5 73
3 19
7 47
8 88
3 24
3 27
8 83
2 75
4 25
5 45
5 15
5 18
8 48
7 57
4 10
9 78
5 44
7 71
2 86
10 46
9 94
2 29
6 3
3 51
10 88
6 64
2 32
3 81
9 59
9 2
9 18
2 55
3 28
7 54
3 86
9 74
10 22
2 7
7 56
8 56
5 5
1 48
6 4
9 14
2 17
8 82
6 99
8 50
8 64
3 42
2 53
7 33
7 68
9 3
6 48
10 70
2 32
8 39
5 46
5 49
4 72
2 52
2 70
1 51
5 56
2 86
10 59
8 86
8 9
10 53
8 49
3 60
1 92
10 67
7 54
7 2
7 49
5 98
10 6
8 6
3 92
4 72
10 61
10 79
1 49
2 29
10 6
10 30
7 89
8 85
3 15
8 19
5 43
9 36
8 68
1 60
9 84
3 60
7 44
9 17
3 22
7 42
7 36
3 75
5 70
9 19
6 96
7 50
8 57
5 37
5 78
8 83
1 83
5 9
6 33
6 70
6 74
3 32
10 85
8 86
7 16
4 94
3 40
4 53
9 80
1 73
7 89
7 70
3 1
8 48
5 55
8 90
9 80
3 90
7 30
5 75
7 78
8 60
9 63
4 17
5 4
9 3
4 48
2 66
10 2
4 85
8 83
6 36
4 99
7 82
10 51
6 77
10 76
8 49
10 51
7 84
6 58
7 50
5 10
5 4
3 80
10 71
2 66
8 76
6 35
7 95
7 65
3 17
2 10
5 81
2 33
7 70
10 55
9 94
6 33
10 79
3 89
9 26
6 58
3 21
2 10
8 29
6 90
7 17
2 13
9 15
5 65
4 35
9 54
10 35
7 29
3 51
8 13
8 23
10 81
6 14
2 63
4 67
4 90
5 7
4 83
4 98
8 57
4 18
1 64
2 49
2 16
1 61
10 30
6 2
10 31
7 51
5 60
9 100
1 3
7 54
8 80
3 85
8 87
4 50
2 58
10 45
5 52
6 5
2 93
8 91
3 24
4 19
3 14
8 35
7 24
10 6
5 42
2 95
10 95
6 33
2 46
8 77
9 35
3 30
7 90
3 1
3 18
9 47
1 36
1 99
10 20
4 66
3 45
10 45
10 8
7 43
3 6
1 53
10 3
3 18
2 7
8 56
4 36
2 54
2 82
3 83
3 8
8 18
3 60
2 44
7 90
8 71
8 9
3 39
1 57
7 55
3 74
10 38
2 12
4 33
5 48
7 98
5 66
5 59
5 28
2 43
9 40
5 16
8 40
7 10
8 63
4 63
8 74
10 49
5 43
3 81
10 99
8 97
5 44
5 41
3 9
6 92
10 52
9 99
1 65
8 91
9 72
3 19
7 4
7 33
9 52
3 40
10 91
6 66
6 43
7 61
1 94
4 50
5 62
8 88
9 7
8 9
8 82
7 26
7 46
8 35
7 71
5 98
3 62
4 50
4 70
10 54
5 13
5 59
7 54
8 5
1 75
5 90
8 92
6 45
9 73
9 85
5 5
2 7
7 45
7 22
6 18
8 80
1 82
1 57
6 88
3 96
5 77
5 22
10 52
8 8
5 49
2 19
3 26
8 71
2 86
5 88
3 72
9 85
5 9
1 40
9 53
7 63
2 24
6 53
5 54
1 51
2 4
10 6
1 99
9 3
6 73
10 38
4 60
3 48
1 15
10 69
10 78
3 53
1 70
5 28
5 65
8 28
1 99
4 1
7 62
3 84
6 44
2 81
6 96
10 76
2 19
6 81
9 78
5 1
9 90
8 74
6 6
1 26
4 86
9 53
9 81
6 84
7 9
4 32
6 44
7 70
4 54
2 14
3 87
5 81
6 42
4 81
9 7
7 55
2 85
7 91
7 94
4 93
5 90
6 62
5 34
1 50
7 33
4 69
9 78
10 46
1 55
6 70
1 84
4 53
10 82
3 89
7 68
3 81
7 9
5 41
2 77
1 81
9 6
9 79
3 50
6 53
5 2
4 17
7 97
9 57
8 63
7 57
3 29
9 39
7 83
2 31
10 74
1 20
1 11
1 13
3 26
7 69
9 43
5 16
9 6
4 69
10 20
5 2
8 13
3 37
8 76
9 59
1 81
8 31
1 80
5 3
6 63
3 84
5 8
1 44
3 74
4 84
5 40
6 93
2 78
1 51
5 99
9 5
9 87
5 21
8 29
6 23
1 98
9 96
5 61
1 69
5 6
3 79
5 90
3 48
7 55
9 71
3 7
5 31
5 61
4 63
9 79
7 31
6 47
8 33
8 20
1 94
5 5
4 21
4 47
9 12
3 19
2 6
5 8
8 22
10 91
6 60
9 24
3 97
1 20
9 30
2 81
3 68
6 46
9 79
4 9
1 97
7 24
2 3
4 41
4 55
2 11
5 52
5 57
8 57
8 76
6 19
7 8
7 94
5 27
2 49
7 14
5 13
10 98
7 25
10 43
9 21
3 93
3 39
9 72
5 29
8 80
7 56
9 85
9 44
3 72
2 49
8 88
3 27
7 80
1 26
2 29
9 74
4 23
3 74
4 59
2 41
9 1
8 77
5 48
10 100
10 63
8 9
10 13
5 38
2 37
4 13
7 14
8 90
6 2
6 29
1 17
2 99
7 69
7 54
9 99
3 88
1 52
8 63
4 82
10 7
10 15
9 38
8 9
8 63
10 95
4 70
3 65
10 32
5 47
5 53
7 89
2 57
2 39
9 8
2 71
4 41
5 85
9 65
3 58
9 2
2 22
4 66
6 43
7 71
1 81
3 37
1 67
6 13
5 64
2 77
6 85
9 71
9 99
7 13
6 65
5 59
7 90
5 72
4 21
4 25
4 69
3 26
5 58
10 39
4 61
7 59
8 36
1 66
4 67
9 42
4 45
2 70
4 28
1 69
9 87
3 54
5 58
9 89
7 21
9 92
1 46
3 78
3 35
6 18
4 26
1 37
2 63
6 7
10 98
5 90
4 20
5 38
7 26
8 95
6 57
7 26
4 89
6 38
3 51
7 28
6 18
4 97
2 69
5 73
7 29
5 2
8 9
2 24
4 69
9 79
7 57
7 82
7 12
1 71
4 78
9 41
7 62
9 30
1 43
2 49
1 16
10 19
5 93
4 10
2 64
1 90
10 97
2 16
10 42
7 25
1 85
5 69
8 53
8 28
5 52
8 17
7 30
5 43
2 81
3 35
4 45
5 16
1 96
1 52
9 69
6 12
5 92
2 3
4 30
2 90
1 10
8 99
9 45
2 12
5 46
7 68
10 71
3 82
8 66
5 58
4 12
9 39
3 1
3 46
2 74
7 14
3 44
2 73
8 5
5 64
10 83
2 91
3 66
4 22
3 8
9 69
9 100
9 73
2 51
8 33
4 56
6 7
2 9
1 39
4 15
3 15
9 86
8 1
3 81
2 38
1 53
6 11
2 64
4 3
4 53
7 37
1 84
5 12
2 26
2 57
2 56
4 41
3 81
3 96
3 67
5 5
9 90
6 70
5 51
4 18
5 10
6 15
5 53
6 88
10 80
7 73
5 20
5 28
2 58
5 64
4 59
1 42
8 88
3 4
8 38
1 92
9 78
9 43
2 36
2 63
5 78
6 50
7 100
7 100
7 3
6 32
1 36
5 60
3 39
3 12
6 35
5 74
4 13
8 46
9 50
8 63
7 43
4 76
5 92
7 51
4 42
5 54
7 59
3 51
8 75
2 25
9 17
9 25
9 18
10 29
9 29
4 46
2 7
3 18
9 99
8 44
1 54
8 69
3 62
2 62
9 33
6 49
1 36
3 82
4 94
10 72
3 5
9 46
2 93
3 62
4 82
5 36
6 54
4 48
8 75
1 8
10 46
6 60
2 81
3 87
4 55
10 96
9 31
1 22
3 3
3 66
5 40
1 20
5 57
9 64
3 79
1 94
6 27
6 9
7 98
5 80
2 57
8 63
7 68
4 61
3 19
9 59
8 79
10 54
7 100
8 22
8 88
7 5
6 72
4 24
2 60
6 25
6 83
7 54
2 71
5 76
9 93
4 98
3 63
3 62
2 20
5 91
10 1
6 25
5 61
9 46
10 4
2 88
8 9
1 39
1 7
5 71
1 100
10 74
5 22
7 76
4 21
9 53
1 66
9 45
6 29
2 45
4 64
4 73
4 25
2 6
3 78
8 34
9 47
7 43
10 93
1 65
5 89
9 85
4 50
2 79
8 75
5 14
8 59
6 13
5 49
10 17
8 97
10 7
5 8
9 15
2 19
1 16
9 100
3 12
9 34
2 78
10 17
1 50
7 77
2 61
5 32
7 3
8 79
9 75
6 9
1 38
10 71
5 38
2 57
2 70
2 43
8 2
1 90
1 37
6 64
7 43
5 26
5 75
4 5
9 41
5 89
10 44
9 35
2 81
1 35
2 85
7 1
6 88
1 88
6 8
1 25
10 46
10 46
2 5
2 20
5 67
10 75
10 70
1 43
2 3
7 4
7 6
6 72
5 98
9 20
6 62
4 7
7 45
3 78
9 54
9 46
2 8
10 82
9 32
6 31
4 5
6 21
10 41
4 54
9 55
5 96
6 69
2 74
5 54
3 14
10 51
9 31
10 30
4 90
1 40
10 94
6 5
6 5
8 62
10 36
6 34
3 83
4 84
6 19
10 10
4 49
2 42
1 21
3 47
2 83
6 82
8 33
8 46
7 35
7 98
2 74
1 56
6 37
10 63
7 29
2 90
9 83
3 59
5 5
5 16
9 42
9 66
4 87
3 62
3 69
9 47
4 42
2 49
8 93
3 84
1 34
5 49
6 7
10 22
1 64
8 49
8 86
6 31
4 29
5 49
9 3
7 95
6 48
3 73
1 58
8 13
1 32
2 59
8 21
10 100
6 69
8 93
7 66
6 82
6 72
10 46
4 76
10 70
6 83
4 68
10 54
2 82
5 93
10 75
5 72
4 53
2 22
7 98
7 72
10 84
3 61
9 69
9 69
10 16
3 35
5 94
8 66
5 73
1 67
9 75
10 72
9 81
3 76
1 31
9 62
4 94
2 43
4 62
3 3
7 65
9 63
8 77
9 32
1 39
10 99
5 39
10 44
2 15
9 2
7 17
3 63
2 36
5 75
10 19
7 78
3 18
1 40
4 69
3 94
7 25
4 71
3 13
6 86
9 84
7 76
3 1
8 14
9 94
9 38
2 17
5 46
4 7
5 79
5 59
4 33
3 67
6 98
2 21
3 62
7 70
7 9
2 26
4 10
9 14
9 82
1 14
7 16
2 63
7 47
2 70
1 4
9 86
1 20
7 84
1 15
5 70
3 26
5 48
6 66
2 86
7 44
9 26
1 71
8 57
9 9
7 99
5 15
7 17
6 95
10 18
9 56
9 83
2 34
10 69
1 91
4 49
6 5
4 97
7 62
3 47
2 31
7 86
5 33
5 82
7 54
2 35
2 90
9 95
5 99
5 25
1 20
4 27
4 47
5 2
10 27
8 34
10 45
1 54
9 25
8 56
1 39
2 92
8 11
6 3
1 100
9 1
9 52
9 95
1 53
6 62
2 96
5 41
2 66
6 20
2 85
7 72
3 69
3 3
1 100
5 91
9 83
1 70
7 22
6 89
6 63
10 57
8 45
9 1
2 47
3 3
1 99
7 6
9 89
8 49
9 64
9 39
8 82
10 84
5 75
2 80
8 74
9 47
10 37
8 83
5 20
5 66
10 11
1 89
2 30
7 92
3 28
2 90
9 42
6 63
8 49
4 57
4 82
4 43
1 3
5 5
4 62
2 43
4 92
1 75
3 68
8 65
5 100
7 55
3 84
9 12
4 14
9 58
6 72
10 66
4 77
2 47
8 44
1 61
7 72
6 60
1 5
4 85
4 82
1 48
7 11
10 1
4 28
8 71
1 9
6 76
5 58
4 22
1 14
5 87
5 22
8 75
6 22
1 82
5 53
9 72
3 40
4 39
7 81
9 17
1 97
2 78
6 65
9 58
9 33
4 15
6 94
10 32
5 52
3 21
5 93
4 19
3 67
7 51
9 18
8 40
4 11
7 19
8 67
6 58
2 71
4 57
4 13
10 30
7 52
3 21
5 46
9 29
3 48
9 11
5 98
2 30
9 18
8 88
7 75
7 40
5 20
6 61
5 36
2 1
9 44
1 35
10 11
3 2
10 42
4 74
9 66
3 99
5 2
8 71
6 34
10 73
6 58
3 90
5 74
2 83
10 62
8 59
4 32
2 34
5 75
9 16
10 14
6 75
5 4
7 43
9 59
7 94
6 51
5 60
6 76
4 45
9 63
3 65
5 14
10 19
9 8
4 80
3 100
4 40
5 3
2 95
1 100
1 76
10 75
7 25
3 80
10 43
3 24
7 89
8 56
9 78
4 93
7 88
4 63
7 50
5 60
4 25
9 84
2 8
9 90
3 13
9 54
5 63
7 62
3 66
7 62
3 32
6 52
2 49
4 98
8 30
8 41
4 16
7 57
4 35
6 8
9 66
3 53
1 89
6 35
7 83
6 49
6 1
10 37
1 65
7 98
4 44
1 99
1 67
5 34
3 52
3 51
10 57
5 2
8 21
6 4
5 32
2 72
4 4
1 85
8 47
2 62
10 24
10 100
2 67
6 94
10 30
6 39
7 51
10 84
1 76
7 25
9 90
6 42
3 56
6 61
4 60
4 43
5 33
5 77
1 32
10 21
3 66
9 51
8 51
4 38
8 72
4 36
4 61
9 6
9 7
8 22
6 43
7 52
8 11
8 78
4 50
8 6
5 9
9 34
1 94
3 88
6 36
5 31
6 3
8 64
1 6
8 26
10 54
8 27
6 57
5 9
6 54
6 72
4 74
5 24
10 27
1 37
4 37
7 10
10 54
5 100
1 62
8 11
5 7
7 30
5 41
10 21
7 8
2 60
3 49
4 52
5 46
8 89
3 54
10 74
10 26
5 70
8 54
10 54
10 69
6 27
1 77
7 7
4 90
7 69
8 2
2 65
7 60
5 29
5 6
2 76
1 27
6 18
10 77
4 92
5 59
10 58
7 16
4 71
7 82
1 47
3 62
1 82
3 67
10 38
2 64
5 2
2 10
2 73
9 47
6 35
5 85
2 91
2 56
3 9
9 55
5 72
7 17
5 89
3 14
8 54
9 43
7 70
4 30
5 42
6 10
7 32
5 20
5 98
5 39
6 64
4 12
7 10
8 91
10 62
6 80
